[[3031.32596716]
 [3077.8264479 ]
 [2594.04095698]
 [2636.51542582]][array([[ 6.73257012e+01,  2.21673101e-02,  1.17905342e-01,
        -7.99385504e-02,  1.76464371e-09,  9.68372646e-01],
       [ 6.73257012e+01,  2.21673101e-02,  1.17905342e-01,
        -7.99385504e-02,  1.76464371e-09,  9.68372646e-01],
       [ 6.70682701e+01,  2.21730158e-02,  1.18364581e-01,
        -7.38121640e-02,  1.78284358e-09,  9.67973465e-01],
       ...,
       [ 7.06632400e+01,  2.20663053e-02,  1.27006304e-01,
        -1.32022398e-01,  1.94065623e-09,  9.55548949e-01],
       [ 7.04112876e+01,  2.20739761e-02,  1.26944010e-01,
        -1.35646271e-01,  1.95816479e-09,  9.55547571e-01],
       [ 7.04177609e+01,  2.21004240e-02,  1.27184728e-01,
        -1.45761548e-01,  1.94074174e-09,  9.55874372e-01]]), array([[ 6.80543084e+01,  2.21053008e-02,  1.18175159e-01,
        -1.03978235e-01,  1.78567362e-09,  9.67918059e-01],
       [ 6.80543084e+01,  2.21053008e-02,  1.18175159e-01,
        -1.03978235e-01,  1.78567362e-09,  9.67918059e-01],
       [ 6.80543084e+01,  2.21053008e-02,  1.18175159e-01,
        -1.03978235e-01,  1.78567362e-09,  9.67918059e-01],
       ...,
       [ 7.36413169e+01,  2.17802138e-02,  1.12433493e-01,
         1.37250861e-02,  1.96682657e-09,  1.00305765e+00],
       [ 7.36413169e+01,  2.17802138e-02,  1.12433493e-01,
         1.37250861e-02,  1.96682657e-09,  1.00305765e+00],
       [ 7.36413169e+01,  2.17802138e-02,  1.12433493e-01,
         1.37250861e-02,  1.96682657e-09,  1.00305765e+00]]), array([[ 6.83880058e+01,  2.20879745e-02,  1.17165203e-01,
        -1.11356236e-01,  1.85365701e-09,  9.70802199e-01],
       [ 6.83880058e+01,  2.20879745e-02,  1.17165203e-01,
        -1.11356236e-01,  1.85365701e-09,  9.70802199e-01],
       [ 6.83880058e+01,  2.20879745e-02,  1.17165203e-01,
        -1.11356236e-01,  1.85365701e-09,  9.70802199e-01],
       ...,
       [ 6.74574099e+01,  2.23043281e-02,  1.18035344e-01,
        -9.31473316e-02,  1.88239936e-09,  9.61504354e-01],
       [ 6.74574099e+01,  2.23043281e-02,  1.18035344e-01,
        -9.31473316e-02,  1.88239936e-09,  9.61504354e-01],
       [ 6.75906545e+01,  2.22587841e-02,  1.18004472e-01,
        -9.77258954e-02,  1.87968126e-09,  9.62380629e-01]]), array([[ 6.81269114e+01,  2.21917299e-02,  1.18639321e-01,
        -9.06965285e-02,  1.79420078e-09,  9.68907389e-01],
       [ 6.81269114e+01,  2.21917299e-02,  1.18639321e-01,
        -9.06965285e-02,  1.79420078e-09,  9.68907389e-01],
       [ 6.82074821e+01,  2.21414141e-02,  1.18724718e-01,
        -9.55515916e-02,  1.79687215e-09,  9.69169624e-01],
       ...,
       [ 6.56434189e+01,  2.18236429e-02,  1.18345638e-01,
        -1.61755844e-01,  1.85431641e-09,  9.82775185e-01],
       [ 6.55715327e+01,  2.18558462e-02,  1.18515657e-01,
        -1.62204922e-01,  1.85680064e-09,  9.82740215e-01],
       [ 6.55440217e+01,  2.18174301e-02,  1.18620292e-01,
        -1.64927273e-01,  1.85793626e-09,  9.82368733e-01]])]